MH_LOGO db 126, 60, 126, 124, 126   ;Scan 1 MICRO       ;MH Logo: 40 bytes.
        db 66, 126, 124, 124, 66    ;Scan 1 HOBBY

        db 106, 16, 96, 126, 70     ;Scan 3 MICRO
        db 126, 70, 126, 126, 126   ;Scan 3 HOBBY

        db 106, 24, 96, 98, 66      ;Scan 5 MICRO
        db 98, 66, 98, 98, 24       ;Scan 5 HOBBY

        db 106, 60, 126, 98, 126    ;Scan 7 MICRO
        db 98, 126, 126, 126, 24    ;Scan 7 HOBBY


;126, 106, 106, 106   ;M
;66, 126, 98, 98      ;H

;60, 16, 24, 60       ;I
;126, 70, 66, 126     ;O

;126, 96, 96, 126     ;C
;124, 126, 98, 126    ;B

;124, 126, 98, 98     ;R
;124, 126, 98, 126    ;B

;126, 70, 66, 126     ;O
;66, 126, 24, 24      ;Y
